Linux 6.18.5-100.fc42.x86_64 (midu-thinkpadp16vgen1.rmtat.csb) 	01/23/2026 	_x86_64_	(16 CPU)

04:18:11 PM  CPU    %usr   %nice    %sys %iowait    %irq   %soft  %steal  %guest  %gnice   %idle
04:18:12 PM  all   10.14    0.06   17.52    0.06    0.25   68.90    0.00    0.00    0.00    3.07
04:18:12 PM    0    4.00    0.00   16.00    0.00    0.00   76.00    0.00    0.00    0.00    4.00
04:18:12 PM    1    4.00    0.00   16.00    0.00    0.00   77.00    0.00    0.00    0.00    3.00
04:18:12 PM    2    4.00    0.00   16.00    1.00    0.00   75.00    0.00    0.00    0.00    4.00
04:18:12 PM    3   36.00    0.00   12.00    0.00    1.00   49.00    0.00    0.00    0.00    2.00
04:18:12 PM    4    2.97    0.99   14.85    0.00    0.99   77.23    0.00    0.00    0.00    2.97
04:18:12 PM    5    1.00    0.00   15.00    0.00    0.00   80.00    0.00    0.00    0.00    4.00
04:18:12 PM    6   24.00    0.00   13.00    0.00    0.00   61.00    0.00    0.00    0.00    2.00
04:18:12 PM    7    3.03    0.00   15.15    0.00    0.00   78.79    0.00    0.00    0.00    3.03
04:18:12 PM    8   10.00    0.00   33.00    0.00    0.00   55.00    0.00    0.00    0.00    2.00
04:18:12 PM    9    1.98    0.00   14.85    0.00    0.00   78.22    0.00    0.00    0.00    4.95
04:18:12 PM   10   10.00    0.00   21.00    0.00    1.00   64.00    0.00    0.00    0.00    4.00
04:18:12 PM   11   17.17    0.00   31.31    0.00    0.00   48.48    0.00    0.00    0.00    3.03
04:18:12 PM   12   14.00    0.00   15.00    0.00    0.00   67.00    0.00    0.00    0.00    4.00
04:18:12 PM   13   12.12    0.00   15.15    0.00    0.00   70.71    0.00    0.00    0.00    2.02
04:18:12 PM   14   17.17    0.00   16.16    0.00    0.00   65.66    0.00    0.00    0.00    1.01
04:18:12 PM   15    1.00    0.00   16.00    0.00    1.00   79.00    0.00    0.00    0.00    3.00

04:18:12 PM  CPU    %usr   %nice    %sys %iowait    %irq   %soft  %steal  %guest  %gnice   %idle
04:18:13 PM  all   14.17    1.00   15.79    0.00    0.87   65.11    0.00    0.00    0.00    3.06
04:18:13 PM    0    6.00    0.00   14.00    0.00    1.00   72.00    0.00    0.00    0.00    7.00
04:18:13 PM    1   15.15    0.00   18.18    0.00    1.01   61.62    0.00    0.00    0.00    4.04
04:18:13 PM    2   12.87    4.95   18.81    0.00    0.99   59.41    0.00    0.00    0.00    2.97
04:18:13 PM    3    9.00    4.00   14.00    0.00    0.00   69.00    0.00    0.00    0.00    4.00
04:18:13 PM    4    5.00    0.00   16.00    0.00    1.00   76.00    0.00    0.00    0.00    2.00
04:18:13 PM    5   40.00    1.00   10.00    0.00    1.00   47.00    0.00    0.00    0.00    1.00
04:18:13 PM    6    7.00    0.00   18.00    0.00    1.00   71.00    0.00    0.00    0.00    3.00
04:18:13 PM    7    9.90    0.00   16.83    0.00    0.99   70.30    0.00    0.00    0.00    1.98
04:18:13 PM    8    4.00    0.00   14.00    0.00    1.00   78.00    0.00    0.00    0.00    3.00
04:18:13 PM    9   15.15    1.01   19.19    0.00    1.01   60.61    0.00    0.00    0.00    3.03
04:18:13 PM   10   28.00    1.00   13.00    0.00    0.00   55.00    0.00    0.00    0.00    3.00
04:18:13 PM   11   24.75    0.00   24.75    0.00    0.99   46.53    0.00    0.00    0.00    2.97
04:18:13 PM   12   17.00    2.00   14.00    0.00    1.00   63.00    0.00    0.00    0.00    3.00
04:18:13 PM   13   10.89    1.98   12.87    0.00    0.99   69.31    0.00    0.00    0.00    3.96
04:18:13 PM   14   15.00    0.00   15.00    0.00    1.00   68.00    0.00    0.00    0.00    1.00
04:18:13 PM   15    7.00    0.00   14.00    0.00    1.00   75.00    0.00    0.00    0.00    3.00

04:18:13 PM  CPU    %usr   %nice    %sys %iowait    %irq   %soft  %steal  %guest  %gnice   %idle
04:18:14 PM  all    8.26    0.81   14.39    0.00    0.19   72.65    0.00    0.00    0.00    3.69
04:18:14 PM    0    4.00    3.00   15.00    0.00    0.00   75.00    0.00    0.00    0.00    3.00
04:18:14 PM    1    1.00    0.00   15.00    0.00    0.00   78.00    0.00    0.00    0.00    6.00
04:18:14 PM    2    1.01    0.00   15.15    0.00    0.00   78.79    0.00    0.00    0.00    5.05
04:18:14 PM    3    5.00    0.00   16.00    0.00    1.00   73.00    0.00    0.00    0.00    5.00
04:18:14 PM    4    3.00    0.00   15.00    0.00    0.00   80.00    0.00    0.00    0.00    2.00
04:18:14 PM    5    1.98    0.00   15.84    0.00    0.00   79.21    0.00    0.00    0.00    2.97
04:18:14 PM    6    4.04    0.00   16.16    0.00    0.00   77.78    0.00    0.00    0.00    2.02
04:18:14 PM    7   13.00    0.00   13.00    0.00    0.00   69.00    0.00    0.00    0.00    5.00
04:18:14 PM    8    1.98    0.00   14.85    0.00    0.00   78.22    0.00    0.00    0.00    4.95
04:18:14 PM    9    4.00    1.00   14.00    0.00    0.00   76.00    0.00    0.00    0.00    5.00
04:18:14 PM   10    8.08    0.00   14.14    0.00    1.01   73.74    0.00    0.00    0.00    3.03
04:18:14 PM   11    3.00    0.00   15.00    0.00    0.00   80.00    0.00    0.00    0.00    2.00
04:18:14 PM   12    1.02    4.08   14.29    0.00    0.00   75.51    0.00    0.00    0.00    5.10
04:18:14 PM   13    2.00    5.00   15.00    0.00    0.00   74.00    0.00    0.00    0.00    4.00
04:18:14 PM   14    1.98    0.00   15.84    0.00    0.00   78.22    0.00    0.00    0.00    3.96
04:18:14 PM   15   77.00    0.00    6.00    0.00    1.00   16.00    0.00    0.00    0.00    0.00

04:18:14 PM  CPU    %usr   %nice    %sys %iowait    %irq   %soft  %steal  %guest  %gnice   %idle
04:18:15 PM  all   10.11    0.25   14.41    0.00    0.56   71.62    0.00    0.00    0.00    3.06
04:18:15 PM    0    4.95    1.98   14.85    0.00    0.99   73.27    0.00    0.00    0.00    3.96
04:18:15 PM    1   17.82    0.00   13.86    0.00    0.00   64.36    0.00    0.00    0.00    3.96
04:18:15 PM    2    6.86    0.00   13.73    0.00    0.98   75.49    0.00    0.00    0.00    2.94
04:18:15 PM    3    7.00    0.00   15.00    0.00    0.00   74.00    0.00    0.00    0.00    4.00
04:18:15 PM    4   10.89    0.00   13.86    0.00    0.99   71.29    0.00    0.00    0.00    2.97
04:18:15 PM    5    1.00    0.00   16.00    0.00    1.00   77.00    0.00    0.00    0.00    5.00
04:18:15 PM    6    2.00    0.00   15.00    0.00    1.00   77.00    0.00    0.00    0.00    5.00
04:18:15 PM    7   39.39    0.00   13.13    0.00    1.01   44.44    0.00    0.00    0.00    2.02
04:18:15 PM    8    5.05    1.01   16.16    0.00    0.00   74.75    0.00    0.00    0.00    3.03
04:18:15 PM    9    5.05    0.00   14.14    0.00    0.00   78.79    0.00    0.00    0.00    2.02
04:18:15 PM   10    3.96    0.00   15.84    0.00    0.00   75.25    0.00    0.00    0.00    4.95
04:18:15 PM   11   37.00    0.00   11.00    0.00    1.00   50.00    0.00    0.00    0.00    1.00
04:18:15 PM   12    6.00    1.00   15.00    0.00    0.00   77.00    0.00    0.00    0.00    1.00
04:18:15 PM   13    1.00    0.00   14.00    0.00    1.00   82.00    0.00    0.00    0.00    2.00
04:18:15 PM   14   10.00    0.00   14.00    0.00    1.00   73.00    0.00    0.00    0.00    2.00
04:18:15 PM   15    4.00    0.00   15.00    0.00    0.00   78.00    0.00    0.00    0.00    3.00

04:18:15 PM  CPU    %usr   %nice    %sys %iowait    %irq   %soft  %steal  %guest  %gnice   %idle
04:18:16 PM  all    8.02    0.06   14.35    0.00    0.56   73.68    0.00    0.00    0.00    3.32
04:18:16 PM    0    3.96    0.00   15.84    0.00    0.99   76.24    0.00    0.00    0.00    2.97
04:18:16 PM    1    3.03    0.00   14.14    0.00    1.01   78.79    0.00    0.00    0.00    3.03
04:18:16 PM    2    1.00    1.00   15.00    0.00    0.00   79.00    0.00    0.00    0.00    4.00
04:18:16 PM    3    3.03    0.00   17.17    0.00    1.01   75.76    0.00    0.00    0.00    3.03
04:18:16 PM    4    3.03    0.00   16.16    0.00    0.00   77.78    0.00    0.00    0.00    3.03
04:18:16 PM    5   17.17    0.00   14.14    0.00    0.00   67.68    0.00    0.00    0.00    1.01
04:18:16 PM    6    2.00    0.00   14.00    0.00    0.00   79.00    0.00    0.00    0.00    5.00
04:18:16 PM    7    0.99    0.00   13.86    0.00    0.99   80.20    0.00    0.00    0.00    3.96
04:18:16 PM    8    1.00    0.00   15.00    0.00    1.00   79.00    0.00    0.00    0.00    4.00
04:18:16 PM    9    4.95    0.00   13.86    0.00    0.99   75.25    0.00    0.00    0.00    4.95
04:18:16 PM   10   20.00    0.00   13.00    0.00    1.00   64.00    0.00    0.00    0.00    2.00
04:18:16 PM   11    2.02    0.00   14.14    0.00    0.00   79.80    0.00    0.00    0.00    4.04
04:18:16 PM   12   26.73    0.00   11.88    0.00    0.99   58.42    0.00    0.00    0.00    1.98
04:18:16 PM   13   36.36    0.00   10.10    0.00    0.00   48.48    0.00    0.00    0.00    5.05
04:18:16 PM   14    2.02    0.00   16.16    0.00    0.00   79.80    0.00    0.00    0.00    2.02
04:18:16 PM   15    1.01    0.00   15.15    0.00    1.01   79.80    0.00    0.00    0.00    3.03

04:18:16 PM  CPU    %usr   %nice    %sys %iowait    %irq   %soft  %steal  %guest  %gnice   %idle
04:18:17 PM  all   15.63    0.06   14.57    0.00    0.62   66.25    0.00    0.00    0.00    2.86
04:18:17 PM    0    3.00    0.00   15.00    0.00    1.00   75.00    0.00    0.00    0.00    6.00
04:18:17 PM    1   24.00    1.00   13.00    0.00    0.00   61.00    0.00    0.00    0.00    1.00
04:18:17 PM    2   24.24    0.00   12.12    0.00    1.01   61.62    0.00    0.00    0.00    1.01
04:18:17 PM    3    3.00    0.00   16.00    0.00    0.00   79.00    0.00    0.00    0.00    2.00
04:18:17 PM    4   42.57    0.00   13.86    0.00    0.99   39.60    0.00    0.00    0.00    2.97
04:18:17 PM    5   14.85    0.00   15.84    0.00    0.99   64.36    0.00    0.00    0.00    3.96
04:18:17 PM    6    6.00    0.00   15.00    0.00    1.00   76.00    0.00    0.00    0.00    2.00
04:18:17 PM    7   47.00    0.00   14.00    0.00    0.00   38.00    0.00    0.00    0.00    1.00
04:18:17 PM    8    9.90    0.00   14.85    0.00    0.99   72.28    0.00    0.00    0.00    1.98
04:18:17 PM    9   22.22    0.00   13.13    0.00    0.00   62.63    0.00    0.00    0.00    2.02
04:18:17 PM   10   11.00    0.00   14.00    0.00    0.00   69.00    0.00    0.00    0.00    6.00
04:18:17 PM   11    7.92    0.00   15.84    0.00    0.99   69.31    0.00    0.00    0.00    5.94
04:18:17 PM   12    7.00    0.00   15.00    0.00    0.00   77.00    0.00    0.00    0.00    1.00
04:18:17 PM   13   10.89    0.00   14.85    0.00    0.99   72.28    0.00    0.00    0.00    0.99
04:18:17 PM   14   13.86    0.00   14.85    0.00    0.99   66.34    0.00    0.00    0.00    3.96
04:18:17 PM   15    2.94    0.00   15.69    0.00    0.98   76.47    0.00    0.00    0.00    3.92

04:18:17 PM  CPU    %usr   %nice    %sys %iowait    %irq   %soft  %steal  %guest  %gnice   %idle
04:18:18 PM  all   16.46    0.00   14.58    0.00    0.50   65.58    0.00    0.00    0.00    2.88
04:18:18 PM    0   11.11    0.00   14.14    0.00    0.00   71.72    0.00    0.00    0.00    3.03
04:18:18 PM    1    2.00    0.00   15.00    0.00    1.00   77.00    0.00    0.00    0.00    5.00
04:18:18 PM    2    9.00    0.00   14.00    0.00    0.00   74.00    0.00    0.00    0.00    3.00
04:18:18 PM    3   16.83    0.00   12.87    0.00    0.99   66.34    0.00    0.00    0.00    2.97
04:18:18 PM    4   12.00    0.00   19.00    0.00    1.00   65.00    0.00    0.00    0.00    3.00
04:18:18 PM    5   51.52    0.00   10.10    0.00    0.00   37.37    0.00    0.00    0.00    1.01
04:18:18 PM    6   14.14    0.00   16.16    0.00    0.00   68.69    0.00    0.00    0.00    1.01
04:18:18 PM    7   31.00    0.00   11.00    0.00    0.00   56.00    0.00    0.00    0.00    2.00
04:18:18 PM    8   13.13    0.00   19.19    0.00    0.00   65.66    0.00    0.00    0.00    2.02
04:18:18 PM    9    2.97    0.00   16.83    0.00    0.99   72.28    0.00    0.00    0.00    6.93
04:18:18 PM   10    6.00    0.00   16.00    0.00    1.00   75.00    0.00    0.00    0.00    2.00
04:18:18 PM   11   38.61    0.00   10.89    0.00    0.99   47.52    0.00    0.00    0.00    1.98
04:18:18 PM   12   45.54    0.00   13.86    0.00    0.99   38.61    0.00    0.00    0.00    0.99
04:18:18 PM   13    6.93    0.00   14.85    0.00    0.99   74.26    0.00    0.00    0.00    2.97
04:18:18 PM   14    1.01    0.00   15.15    0.00    0.00   79.80    0.00    0.00    0.00    4.04
04:18:18 PM   15    1.02    0.00   14.29    0.00    0.00   80.61    0.00    0.00    0.00    4.08

04:18:18 PM  CPU    %usr   %nice    %sys %iowait    %irq   %soft  %steal  %guest  %gnice   %idle
04:18:19 PM  all    7.82    0.13   14.64    0.00    0.63   73.84    0.00    0.00    0.00    2.94
04:18:19 PM    0    1.01    0.00   14.14    0.00    1.01   80.81    0.00    0.00    0.00    3.03
04:18:19 PM    1    2.00    0.00   16.00    0.00    0.00   79.00    0.00    0.00    0.00    3.00
04:18:19 PM    2    0.99    0.00   21.78    0.00    0.99   74.26    0.00    0.00    0.00    1.98
04:18:19 PM    3    1.00    0.00   15.00    0.00    0.00   81.00    0.00    0.00    0.00    3.00
04:18:19 PM    4   23.23    0.00   13.13    0.00    0.00   61.62    0.00    0.00    0.00    2.02
04:18:19 PM    5    1.98    0.00   14.85    0.00    0.99   76.24    0.00    0.00    0.00    5.94
04:18:19 PM    6    0.99    0.00   14.85    0.00    0.99   80.20    0.00    0.00    0.00    2.97
04:18:19 PM    7    1.00    0.00   15.00    0.00    1.00   81.00    0.00    0.00    0.00    2.00
04:18:19 PM    8    4.00    0.00   16.00    0.00    1.00   78.00    0.00    0.00    0.00    1.00
04:18:19 PM    9   28.00    0.00   12.00    0.00    1.00   57.00    0.00    0.00    0.00    2.00
04:18:19 PM   10   23.47    0.00   12.24    0.00    0.00   61.22    0.00    0.00    0.00    3.06
04:18:19 PM   11   30.61    0.00   11.22    0.00    0.00   56.12    0.00    0.00    0.00    2.04
04:18:19 PM   12    3.03    1.01   14.14    0.00    1.01   77.78    0.00    0.00    0.00    3.03
04:18:19 PM   13    2.00    1.00   15.00    0.00    0.00   76.00    0.00    0.00    0.00    6.00
04:18:19 PM   14    1.00    0.00   14.00    0.00    1.00   81.00    0.00    0.00    0.00    3.00
04:18:19 PM   15    1.96    0.00   14.71    0.00    0.98   79.41    0.00    0.00    0.00    2.94

04:18:19 PM  CPU    %usr   %nice    %sys %iowait    %irq   %soft  %steal  %guest  %gnice   %idle
04:18:20 PM  all    7.10    0.06   14.33    0.00    0.37   74.77    0.00    0.00    0.00    3.36
04:18:20 PM    0    0.98    0.00   14.71    0.00    0.98   78.43    0.00    0.00    0.00    4.90
04:18:20 PM    1    0.99    0.00   14.85    0.00    0.99   79.21    0.00    0.00    0.00    3.96
04:18:20 PM    2    0.99    0.00   13.86    0.00    0.00   82.18    0.00    0.00    0.00    2.97
04:18:20 PM    3    0.99    0.00   14.85    0.00    0.99   81.19    0.00    0.00    0.00    1.98
04:18:20 PM    4    2.00    0.00   15.00    0.00    1.00   79.00    0.00    0.00    0.00    3.00
04:18:20 PM    5   11.00    0.00   14.00    0.00    0.00   72.00    0.00    0.00    0.00    3.00
04:18:20 PM    6    1.00    0.00   16.00    0.00    0.00   80.00    0.00    0.00    0.00    3.00
04:18:20 PM    7    3.00    0.00   15.00    0.00    0.00   79.00    0.00    0.00    0.00    3.00
04:18:20 PM    8    1.00    0.00   16.00    0.00    0.00   80.00    0.00    0.00    0.00    3.00
04:18:20 PM    9    2.02    0.00   15.15    0.00    0.00   80.81    0.00    0.00    0.00    2.02
04:18:20 PM   10   18.63    0.98   13.73    0.00    0.98   63.73    0.00    0.00    0.00    1.96
04:18:20 PM   11   37.00    0.00   11.00    0.00    1.00   50.00    0.00    0.00    0.00    1.00
04:18:20 PM   12    1.00    0.00   14.00    0.00    0.00   78.00    0.00    0.00    0.00    7.00
04:18:20 PM   13    1.01    0.00   14.14    0.00    0.00   77.78    0.00    0.00    0.00    7.07
04:18:20 PM   14    0.99    0.00   15.84    0.00    0.00   79.21    0.00    0.00    0.00    3.96
04:18:20 PM   15   31.31    0.00   11.11    0.00    0.00   55.56    0.00    0.00    0.00    2.02

04:18:20 PM  CPU    %usr   %nice    %sys %iowait    %irq   %soft  %steal  %guest  %gnice   %idle
04:18:21 PM  all    7.42    0.06   15.21    0.00    0.62   73.13    0.00    0.00    0.00    3.55
04:18:21 PM    0    2.02    0.00   14.14    0.00    0.00   80.81    0.00    0.00    0.00    3.03
04:18:21 PM    1    1.01    0.00   16.16    0.00    0.00   78.79    0.00    0.00    0.00    4.04
04:18:21 PM    2    6.00    0.00   14.00    0.00    1.00   75.00    0.00    0.00    0.00    4.00
04:18:21 PM    3    1.02    0.00   16.33    0.00    0.00   79.59    0.00    0.00    0.00    3.06
04:18:21 PM    4   11.00    0.00   15.00    0.00    0.00   68.00    0.00    0.00    0.00    6.00
04:18:21 PM    5   21.00    0.00   15.00    0.00    1.00   59.00    0.00    0.00    0.00    4.00
04:18:21 PM    6    7.92    0.00   17.82    0.00    0.99   70.30    0.00    0.00    0.00    2.97
04:18:21 PM    7   49.00    0.00   10.00    0.00    1.00   38.00    0.00    0.00    0.00    2.00
04:18:21 PM    8    0.99    0.00   14.85    0.00    0.99   80.20    0.00    0.00    0.00    2.97
04:18:21 PM    9    0.99    0.00   15.84    0.00    0.00   80.20    0.00    0.00    0.00    2.97
04:18:21 PM   10    5.94    0.99   16.83    0.00    0.99   71.29    0.00    0.00    0.00    3.96
04:18:21 PM   11    1.00    0.00   14.00    0.00    0.00   78.00    0.00    0.00    0.00    7.00
04:18:21 PM   12    3.96    0.00   18.81    0.00    0.99   74.26    0.00    0.00    0.00    1.98
04:18:21 PM   13    0.99    0.00   14.85    0.00    0.99   79.21    0.00    0.00    0.00    3.96
04:18:21 PM   14    1.98    0.00   14.85    0.00    0.99   79.21    0.00    0.00    0.00    2.97
04:18:21 PM   15    3.96    0.00   14.85    0.00    0.99   78.22    0.00    0.00    0.00    1.98

04:18:21 PM  CPU    %usr   %nice    %sys %iowait    %irq   %soft  %steal  %guest  %gnice   %idle
04:18:22 PM  all   11.77    0.88   14.40    0.00    0.50   68.94    0.00    0.00    0.00    3.51
04:18:22 PM    0    1.98    0.00   14.85    0.00    0.99   78.22    0.00    0.00    0.00    3.96
04:18:22 PM    1    9.00    0.00   13.00    0.00    1.00   74.00    0.00    0.00    0.00    3.00
04:18:22 PM    2   12.24    0.00   15.31    0.00    0.00   69.39    0.00    0.00    0.00    3.06
04:18:22 PM    3    2.97    0.00   16.83    0.00    0.99   75.25    0.00    0.00    0.00    3.96
04:18:22 PM    4   22.00    0.00   13.00    0.00    1.00   62.00    0.00    0.00    0.00    2.00
04:18:22 PM    5    4.00    0.00   15.00    0.00    0.00   77.00    0.00    0.00    0.00    4.00
04:18:22 PM    6   22.22    1.01   13.13    0.00    0.00   60.61    0.00    0.00    0.00    3.03
04:18:22 PM    7   21.78    1.98   12.87    0.00    0.99   60.40    0.00    0.00    0.00    1.98
04:18:22 PM    8    3.00    1.00   15.00    0.00    0.00   78.00    0.00    0.00    0.00    3.00
04:18:22 PM    9    4.00    0.00   14.00    0.00    1.00   78.00    0.00    0.00    0.00    3.00
04:18:22 PM   10    3.06    4.08   17.35    0.00    0.00   72.45    0.00    0.00    0.00    3.06
04:18:22 PM   11    4.90    0.00   16.67    0.00    0.98   73.53    0.00    0.00    0.00    3.92
04:18:22 PM   12    9.09    2.02   13.13    0.00    0.00   70.71    0.00    0.00    0.00    5.05
04:18:22 PM   13    4.04    4.04   15.15    0.00    0.00   71.72    0.00    0.00    0.00    5.05
04:18:22 PM   14    1.01    0.00   17.17    0.00    0.00   75.76    0.00    0.00    0.00    6.06
04:18:22 PM   15   63.00    0.00    8.00    0.00    1.00   26.00    0.00    0.00    0.00    2.00

04:18:22 PM  CPU    %usr   %nice    %sys %iowait    %irq   %soft  %steal  %guest  %gnice   %idle
04:18:23 PM  all    7.21    0.62   15.04    0.06    0.56   73.28    0.00    0.00    0.00    3.23
04:18:23 PM    0    1.00    0.00   15.00    0.00    0.00   81.00    0.00    0.00    0.00    3.00
04:18:23 PM    1    1.00    0.00   16.00    0.00    0.00   80.00    0.00    0.00    0.00    3.00
04:18:23 PM    2    0.99    0.00   14.85    0.00    0.99   78.22    0.00    0.00    0.00    4.95
04:18:23 PM    3    3.96    0.00   16.83    0.99    0.99   74.26    0.00    0.00    0.00    2.97
04:18:23 PM    4    3.00    0.00   15.00    0.00    0.00   79.00    0.00    0.00    0.00    3.00
04:18:23 PM    5    1.96    0.00   15.69    0.00    0.98   78.43    0.00    0.00    0.00    2.94
04:18:23 PM    6    4.95    0.00   13.86    0.00    0.99   76.24    0.00    0.00    0.00    3.96
04:18:23 PM    7    9.09    0.00   14.14    0.00    0.00   72.73    0.00    0.00    0.00    4.04
04:18:23 PM    8    3.96    0.00   14.85    0.00    0.99   77.23    0.00    0.00    0.00    2.97
04:18:23 PM    9    7.00    1.00   20.00    0.00    0.00   70.00    0.00    0.00    0.00    2.00
04:18:23 PM   10    0.99    2.97   14.85    0.00    0.99   75.25    0.00    0.00    0.00    4.95
04:18:23 PM   11    0.99    1.98   15.84    0.00    0.00   77.23    0.00    0.00    0.00    3.96
04:18:23 PM   12    7.00    2.00   15.00    0.00    1.00   74.00    0.00    0.00    0.00    1.00
04:18:23 PM   13    0.99    1.98   14.85    0.00    0.99   79.21    0.00    0.00    0.00    1.98
04:18:23 PM   14    4.95    0.00   15.84    0.00    0.99   72.28    0.00    0.00    0.00    5.94
04:18:23 PM   15   64.00    0.00    8.00    0.00    0.00   27.00    0.00    0.00    0.00    1.00

04:18:23 PM  CPU    %usr   %nice    %sys %iowait    %irq   %soft  %steal  %guest  %gnice   %idle
04:18:24 PM  all    7.32    0.06   14.26    0.00    0.38   75.23    0.00    0.00    0.00    2.75
04:18:24 PM    0    7.00    0.00   14.00    0.00    1.00   76.00    0.00    0.00    0.00    2.00
04:18:24 PM    1    1.00    0.00   15.00    0.00    1.00   81.00    0.00    0.00    0.00    2.00
04:18:24 PM    2   16.16    0.00   14.14    0.00    0.00   65.66    0.00    0.00    0.00    4.04
04:18:24 PM    3    1.00    0.00   15.00    0.00    0.00   77.00    0.00    0.00    0.00    7.00
04:18:24 PM    4    0.99    0.00   14.85    0.00    0.99   80.20    0.00    0.00    0.00    2.97
04:18:24 PM    5    1.01    0.00   15.15    0.00    0.00   79.80    0.00    0.00    0.00    4.04
04:18:24 PM    6    6.12    0.00   14.29    0.00    0.00   77.55    0.00    0.00    0.00    2.04
04:18:24 PM    7    1.00    0.00   15.00    0.00    0.00   82.00    0.00    0.00    0.00    2.00
04:18:24 PM    8    1.00    0.00   15.00    0.00    0.00   82.00    0.00    0.00    0.00    2.00
04:18:24 PM    9    0.99    0.00   14.85    0.00    0.99   81.19    0.00    0.00    0.00    1.98
04:18:24 PM   10   53.00    0.00    9.00    0.00    0.00   37.00    0.00    0.00    0.00    1.00
04:18:24 PM   11   19.00    1.00   14.00    0.00    1.00   63.00    0.00    0.00    0.00    2.00
04:18:24 PM   12    1.00    0.00   15.00    0.00    0.00   83.00    0.00    0.00    0.00    1.00
04:18:24 PM   13    5.94    0.00   13.86    0.00    0.00   77.23    0.00    0.00    0.00    2.97
04:18:24 PM   14    1.01    0.00   14.14    0.00    0.00   81.82    0.00    0.00    0.00    3.03
04:18:24 PM   15    0.99    0.00   14.85    0.00    0.99   79.21    0.00    0.00    0.00    3.96

04:18:24 PM  CPU    %usr   %nice    %sys %iowait    %irq   %soft  %steal  %guest  %gnice   %idle
04:18:25 PM  all    7.53    0.00   14.69    0.00    0.62   74.16    0.00    0.00    0.00    2.99
04:18:25 PM    0    7.92    0.00   14.85    0.00    0.00   75.25    0.00    0.00    0.00    1.98
04:18:25 PM    1    2.97    0.00   14.85    0.00    0.00   78.22    0.00    0.00    0.00    3.96
04:18:25 PM    2    2.00    0.00   16.00    0.00    0.00   80.00    0.00    0.00    0.00    2.00
04:18:25 PM    3    1.00    0.00   15.00    0.00    1.00   80.00    0.00    0.00    0.00    3.00
04:18:25 PM    4    1.01    0.00   15.15    0.00    0.00   79.80    0.00    0.00    0.00    4.04
04:18:25 PM    5   17.82    0.00   11.88    0.00    0.99   65.35    0.00    0.00    0.00    3.96
04:18:25 PM    6    2.94    0.00   15.69    0.00    0.98   76.47    0.00    0.00    0.00    3.92
04:18:25 PM    7   30.69    0.00   10.89    0.00    0.99   55.45    0.00    0.00    0.00    1.98
04:18:25 PM    8    2.02    0.00   15.15    0.00    1.01   79.80    0.00    0.00    0.00    2.02
04:18:25 PM    9    1.00    0.00   21.00    0.00    0.00   75.00    0.00    0.00    0.00    3.00
04:18:25 PM   10   20.79    0.00   12.87    0.00    0.99   61.39    0.00    0.00    0.00    3.96
04:18:25 PM   11    1.02    0.00   15.31    0.00    0.00   81.63    0.00    0.00    0.00    2.04
04:18:25 PM   12    7.92    0.00   14.85    0.00    0.99   72.28    0.00    0.00    0.00    3.96
04:18:25 PM   13   17.82    0.00   13.86    0.00    0.99   64.36    0.00    0.00    0.00    2.97
04:18:25 PM   14    1.98    0.00   13.86    0.00    0.99   81.19    0.00    0.00    0.00    1.98
04:18:25 PM   15    1.00    0.00   14.00    0.00    1.00   81.00    0.00    0.00    0.00    3.00

04:18:25 PM  CPU    %usr   %nice    %sys %iowait    %irq   %soft  %steal  %guest  %gnice   %idle
04:18:26 PM  all    7.70    0.06   14.21    0.00    0.38   74.39    0.00    0.00    0.00    3.26
04:18:26 PM    0    1.00    0.00   14.00    0.00    1.00   79.00    0.00    0.00    0.00    5.00
04:18:26 PM    1    1.00    0.00   14.00    0.00    1.00   81.00    0.00    0.00    0.00    3.00
04:18:26 PM    2    0.99    0.99   13.86    0.00    0.99   78.22    0.00    0.00    0.00    4.95
04:18:26 PM    3    2.00    0.00   16.00    0.00    0.00   78.00    0.00    0.00    0.00    4.00
04:18:26 PM    4    1.00    0.00   15.00    0.00    0.00   81.00    0.00    0.00    0.00    3.00
04:18:26 PM    5    1.01    0.00   14.14    0.00    0.00   80.81    0.00    0.00    0.00    4.04
04:18:26 PM    6    6.93    0.00   16.83    0.00    0.99   71.29    0.00    0.00    0.00    3.96
04:18:26 PM    7   64.65    0.00    8.08    0.00    0.00   26.26    0.00    0.00    0.00    1.01
04:18:26 PM    8    2.00    0.00   15.00    0.00    0.00   80.00    0.00    0.00    0.00    3.00
04:18:26 PM    9    8.00    0.00   14.00    0.00    1.00   74.00    0.00    0.00    0.00    3.00
04:18:26 PM   10    2.00    0.00   14.00    0.00    0.00   80.00    0.00    0.00    0.00    4.00
04:18:26 PM   11    0.99    0.00   13.86    0.00    0.99   81.19    0.00    0.00    0.00    2.97
04:18:26 PM   12    1.00    0.00   15.00    0.00    0.00   80.00    0.00    0.00    0.00    4.00
04:18:26 PM   13    0.00    0.00   16.33    0.00    0.00   81.63    0.00    0.00    0.00    2.04
04:18:26 PM   14   29.29    0.00   11.11    0.00    0.00   57.58    0.00    0.00    0.00    2.02
04:18:26 PM   15    2.02    0.00   16.16    0.00    0.00   79.80    0.00    0.00    0.00    2.02

04:18:26 PM  CPU    %usr   %nice    %sys %iowait    %irq   %soft  %steal  %guest  %gnice   %idle
04:18:27 PM  all   11.80    0.06   14.42    0.00    0.62   69.23    0.00    0.00    0.00    3.87
04:18:27 PM    0   17.17    0.00   12.12    0.00    1.01   66.67    0.00    0.00    0.00    3.03
04:18:27 PM    1    9.18    0.00   15.31    0.00    0.00   70.41    0.00    0.00    0.00    5.10
04:18:27 PM    2    9.90    0.99   15.84    0.00    0.99   67.33    0.00    0.00    0.00    4.95
04:18:27 PM    3    9.00    0.00   14.00    0.00    1.00   70.00    0.00    0.00    0.00    6.00
04:18:27 PM    4    1.94    0.00   14.56    0.00    0.97   77.67    0.00    0.00    0.00    4.85
04:18:27 PM    5   10.00    0.00   14.00    0.00    0.00   73.00    0.00    0.00    0.00    3.00
04:18:27 PM    6   25.25    0.00   17.17    0.00    0.00   55.56    0.00    0.00    0.00    2.02
04:18:27 PM    7    5.00    0.00   14.00    0.00    1.00   75.00    0.00    0.00    0.00    5.00
04:18:27 PM    8    3.96    0.00   13.86    0.00    0.99   76.24    0.00    0.00    0.00    4.95
04:18:27 PM    9    4.04    0.00   15.15    0.00    0.00   77.78    0.00    0.00    0.00    3.03
04:18:27 PM   10    8.00    0.00   15.00    0.00    1.00   72.00    0.00    0.00    0.00    4.00
04:18:27 PM   11   30.00    0.00   12.00    0.00    0.00   54.00    0.00    0.00    0.00    4.00
04:18:27 PM   12    5.00    0.00   15.00    0.00    0.00   78.00    0.00    0.00    0.00    2.00
04:18:27 PM   13   12.87    0.00   14.85    0.00    0.99   69.31    0.00    0.00    0.00    1.98
04:18:27 PM   14   36.00    0.00   11.00    0.00    1.00   50.00    0.00    0.00    0.00    2.00
04:18:27 PM   15    1.98    0.00   16.83    0.00    0.99   74.26    0.00    0.00    0.00    5.94

04:18:27 PM  CPU    %usr   %nice    %sys %iowait    %irq   %soft  %steal  %guest  %gnice   %idle
04:18:28 PM  all    8.16    0.06   14.45    0.00    0.56   73.35    0.00    0.00    0.00    3.42
04:18:28 PM    0    3.96    0.00   17.82    0.00    0.00   74.26    0.00    0.00    0.00    3.96
04:18:28 PM    1    3.96    0.00   14.85    0.00    0.99   75.25    0.00    0.00    0.00    4.95
04:18:28 PM    2    1.01    0.00   15.15    0.00    0.00   80.81    0.00    0.00    0.00    3.03
04:18:28 PM    3    2.94    0.00   16.67    0.00    0.98   75.49    0.00    0.00    0.00    3.92
04:18:28 PM    4    1.02    0.00   14.29    0.00    0.00   82.65    0.00    0.00    0.00    2.04
04:18:28 PM    5    0.99    0.00   14.85    0.00    0.99   80.20    0.00    0.00    0.00    2.97
04:18:28 PM    6   13.86    0.00   13.86    0.00    0.99   67.33    0.00    0.00    0.00    3.96
04:18:28 PM    7   34.31    0.00   11.76    0.00    0.98   50.00    0.00    0.00    0.00    2.94
04:18:28 PM    8   21.00    0.00   12.00    0.00    0.00   64.00    0.00    0.00    0.00    3.00
04:18:28 PM    9    1.00    0.00   14.00    0.00    1.00   81.00    0.00    0.00    0.00    3.00
04:18:28 PM   10   13.00    0.00   15.00    0.00    0.00   68.00    0.00    0.00    0.00    4.00
04:18:28 PM   11   10.00    0.00   13.00    0.00    1.00   70.00    0.00    0.00    0.00    6.00
04:18:28 PM   12    2.00    0.00   15.00    0.00    1.00   78.00    0.00    0.00    0.00    4.00
04:18:28 PM   13    2.00    0.00   14.00    0.00    0.00   80.00    0.00    0.00    0.00    4.00
04:18:28 PM   14    1.98    0.00   15.84    0.00    0.00   80.20    0.00    0.00    0.00    1.98
04:18:28 PM   15   17.00    1.00   13.00    0.00    1.00   67.00    0.00    0.00    0.00    1.00

04:18:28 PM  CPU    %usr   %nice    %sys %iowait    %irq   %soft  %steal  %guest  %gnice   %idle
04:18:29 PM  all    8.58    0.00   14.34    0.00    0.44   73.14    0.00    0.00    0.00    3.51
04:18:29 PM    0    4.00    0.00   14.00    0.00    1.00   75.00    0.00    0.00    0.00    6.00
04:18:29 PM    1    4.00    0.00   14.00    0.00    0.00   75.00    0.00    0.00    0.00    7.00
04:18:29 PM    2   10.89    0.00   13.86    0.00    0.99   72.28    0.00    0.00    0.00    1.98
04:18:29 PM    3    3.03    0.00   15.15    0.00    0.00   78.79    0.00    0.00    0.00    3.03
04:18:29 PM    4    5.94    0.00   14.85    0.00    0.99   73.27    0.00    0.00    0.00    4.95
04:18:29 PM    5    8.16    0.00   14.29    0.00    0.00   71.43    0.00    0.00    0.00    6.12
04:18:29 PM    6   35.35    0.00   18.18    0.00    0.00   43.43    0.00    0.00    0.00    3.03
04:18:29 PM    7    9.09    0.00   14.14    0.00    0.00   73.74    0.00    0.00    0.00    3.03
04:18:29 PM    8    5.05    0.00   14.14    0.00    1.01   78.79    0.00    0.00    0.00    1.01
04:18:29 PM    9    3.96    0.00   13.86    0.00    0.00   78.22    0.00    0.00    0.00    3.96
04:18:29 PM   10    2.00    0.00   14.00    0.00    1.00   81.00    0.00    0.00    0.00    2.00
04:18:29 PM   11   18.18    0.00   13.13    0.00    0.00   67.68    0.00    0.00    0.00    1.01
04:18:29 PM   12    2.00    0.00   15.00    0.00    0.00   80.00    0.00    0.00    0.00    3.00
04:18:29 PM   13    7.92    0.00   13.86    0.00    0.99   75.25    0.00    0.00    0.00    1.98
04:18:29 PM   14    3.00    0.00   14.00    0.00    1.00   77.00    0.00    0.00    0.00    5.00
04:18:29 PM   15   15.00    0.00   13.00    0.00    0.00   69.00    0.00    0.00    0.00    3.00

04:18:29 PM  CPU    %usr   %nice    %sys %iowait    %irq   %soft  %steal  %guest  %gnice   %idle
04:18:30 PM  all    7.86    0.00   14.09    0.00    0.50   74.00    0.00    0.00    0.00    3.55
04:18:30 PM    0    1.00    0.00   14.00    0.00    1.00   80.00    0.00    0.00    0.00    4.00
04:18:30 PM    1    3.00    0.00   14.00    0.00    1.00   79.00    0.00    0.00    0.00    3.00
04:18:30 PM    2    5.05    0.00   14.14    0.00    0.00   77.78    0.00    0.00    0.00    3.03
04:18:30 PM    3   27.72    0.00   11.88    0.00    0.99   58.42    0.00    0.00    0.00    0.99
04:18:30 PM    4    2.00    0.00   15.00    0.00    0.00   80.00    0.00    0.00    0.00    3.00
04:18:30 PM    5    3.96    0.00   15.84    0.00    0.99   76.24    0.00    0.00    0.00    2.97
04:18:30 PM    6    1.96    0.00   14.71    0.00    0.98   78.43    0.00    0.00    0.00    3.92
04:18:30 PM    7    2.00    0.00   15.00    0.00    1.00   80.00    0.00    0.00    0.00    2.00
04:18:30 PM    8    0.99    0.00   15.84    0.00    0.00   80.20    0.00    0.00    0.00    2.97
04:18:30 PM    9   16.00    0.00   13.00    0.00    0.00   68.00    0.00    0.00    0.00    3.00
04:18:30 PM   10    2.02    0.00   14.14    0.00    0.00   77.78    0.00    0.00    0.00    6.06
04:18:30 PM   11    3.96    0.00   13.86    0.00    0.00   75.25    0.00    0.00    0.00    6.93
04:18:30 PM   12   43.00    0.00    9.00    0.00    1.00   45.00    0.00    0.00    0.00    2.00
04:18:30 PM   13    7.07    0.00   15.15    0.00    0.00   73.74    0.00    0.00    0.00    4.04
04:18:30 PM   14    4.00    0.00   15.00    0.00    0.00   76.00    0.00    0.00    0.00    5.00
04:18:30 PM   15    1.98    0.00   14.85    0.00    0.99   78.22    0.00    0.00    0.00    3.96

04:18:30 PM  CPU    %usr   %nice    %sys %iowait    %irq   %soft  %steal  %guest  %gnice   %idle
04:18:31 PM  all   11.80    0.31   14.54    0.06    0.56   70.16    0.00    0.00    0.00    2.56
04:18:31 PM    0    8.00    0.00   14.00    0.00    0.00   75.00    0.00    0.00    0.00    3.00
04:18:31 PM    1    4.04    0.00   15.15    0.00    0.00   76.77    0.00    0.00    0.00    4.04
04:18:31 PM    2   19.00    0.00   13.00    0.00    1.00   63.00    0.00    0.00    0.00    4.00
04:18:31 PM    3   37.00    0.00   11.00    0.00    0.00   50.00    0.00    0.00    0.00    2.00
04:18:31 PM    4   18.00    0.00   16.00    0.00    1.00   64.00    0.00    0.00    0.00    1.00
04:18:31 PM    5    2.00    0.00   15.00    0.00    0.00   81.00    0.00    0.00    0.00    2.00
04:18:31 PM    6    6.06    0.00   15.15    0.00    0.00   74.75    0.00    0.00    0.00    4.04
04:18:31 PM    7   18.81    0.99   15.84    0.99    0.00   62.38    0.00    0.00    0.00    0.99
04:18:31 PM    8    7.92    0.99   13.86    0.00    0.99   73.27    0.00    0.00    0.00    2.97
04:18:31 PM    9   21.00    0.00   13.00    0.00    1.00   64.00    0.00    0.00    0.00    1.00
04:18:31 PM   10    1.98    0.00   14.85    0.00    0.99   80.20    0.00    0.00    0.00    1.98
04:18:31 PM   11    0.00    0.00   15.00    0.00    1.00   81.00    0.00    0.00    0.00    3.00
04:18:31 PM   12    2.97    0.00   14.85    0.00    0.99   78.22    0.00    0.00    0.00    2.97
04:18:31 PM   13    3.96    0.00   14.85    0.00    0.99   77.23    0.00    0.00    0.00    2.97
04:18:31 PM   14    8.00    0.00   14.00    0.00    1.00   75.00    0.00    0.00    0.00    2.00
04:18:31 PM   15   30.30    3.03   17.17    0.00    0.00   46.46    0.00    0.00    0.00    3.03

04:18:31 PM  CPU    %usr   %nice    %sys %iowait    %irq   %soft  %steal  %guest  %gnice   %idle
04:18:32 PM  all    7.75    0.56   14.26    0.00    0.44   73.98    0.00    0.00    0.00    3.00
04:18:32 PM    0    2.00    0.00   15.00    0.00    0.00   81.00    0.00    0.00    0.00    2.00
04:18:32 PM    1    0.99    0.00   14.85    0.00    0.99   81.19    0.00    0.00    0.00    1.98
04:18:32 PM    2    1.01    0.00   15.15    0.00    0.00   79.80    0.00    0.00    0.00    4.04
04:18:32 PM    3    1.00    0.00   15.00    0.00    1.00   78.00    0.00    0.00    0.00    5.00
04:18:32 PM    4   11.00    0.00   14.00    0.00    0.00   71.00    0.00    0.00    0.00    4.00
04:18:32 PM    5    6.00    0.00   16.00    0.00    1.00   74.00    0.00    0.00    0.00    3.00
04:18:32 PM    6    2.00    1.00   14.00    0.00    1.00   80.00    0.00    0.00    0.00    2.00
04:18:32 PM    7    1.01    0.00   14.14    0.00    1.01   80.81    0.00    0.00    0.00    3.03
04:18:32 PM    8    3.03    0.00   15.15    0.00    0.00   76.77    0.00    0.00    0.00    5.05
04:18:32 PM    9   25.74    0.00   11.88    0.00    0.99   59.41    0.00    0.00    0.00    1.98
04:18:32 PM   10    5.94    0.00   14.85    0.00    0.00   77.23    0.00    0.00    0.00    1.98
04:18:32 PM   11   36.36    0.00   11.11    0.00    0.00   50.51    0.00    0.00    0.00    2.02
04:18:32 PM   12    2.00    0.00   16.00    0.00    0.00   80.00    0.00    0.00    0.00    2.00
04:18:32 PM   13   19.39    0.00   12.24    0.00    0.00   66.33    0.00    0.00    0.00    2.04
04:18:32 PM   14    4.95    2.97   13.86    0.00    0.00   74.26    0.00    0.00    0.00    3.96
04:18:32 PM   15    1.98    4.95   14.85    0.00    0.99   73.27    0.00    0.00    0.00    3.96

04:18:32 PM  CPU    %usr   %nice    %sys %iowait    %irq   %soft  %steal  %guest  %gnice   %idle
04:18:33 PM  all    7.40    0.00   14.92    0.00    0.56   73.90    0.00    0.00    0.00    3.23
04:18:33 PM    0    3.92    0.00   14.71    0.00    0.98   74.51    0.00    0.00    0.00    5.88
04:18:33 PM    1    2.00    0.00   22.00    0.00    0.00   72.00    0.00    0.00    0.00    4.00
04:18:33 PM    2    1.00    0.00   15.00    0.00    1.00   80.00    0.00    0.00    0.00    3.00
04:18:33 PM    3    5.05    0.00   15.15    0.00    0.00   77.78    0.00    0.00    0.00    2.02
04:18:33 PM    4    0.99    0.00   14.85    0.00    0.99   79.21    0.00    0.00    0.00    3.96
04:18:33 PM    5    1.00    0.00   15.00    0.00    0.00   80.00    0.00    0.00    0.00    4.00
04:18:33 PM    6    2.00    0.00   15.00    0.00    0.00   80.00    0.00    0.00    0.00    3.00
04:18:33 PM    7    1.96    0.00   14.71    0.00    0.00   78.43    0.00    0.00    0.00    4.90
04:18:33 PM    8    7.84    0.00   13.73    0.00    0.98   75.49    0.00    0.00    0.00    1.96
04:18:33 PM    9    1.00    0.00   15.00    0.00    0.00   82.00    0.00    0.00    0.00    2.00
04:18:33 PM   10    1.00    0.00   14.00    0.00    0.00   80.00    0.00    0.00    0.00    5.00
04:18:33 PM   11    1.98    0.00   15.84    0.00    0.99   78.22    0.00    0.00    0.00    2.97
04:18:33 PM   12   43.00    0.00   12.00    0.00    1.00   43.00    0.00    0.00    0.00    1.00
04:18:33 PM   13    1.98    0.00   16.83    0.00    0.99   78.22    0.00    0.00    0.00    1.98
04:18:33 PM   14   27.72    0.00   11.88    0.00    0.99   56.44    0.00    0.00    0.00    2.97
04:18:33 PM   15   16.00    0.00   13.00    0.00    1.00   67.00    0.00    0.00    0.00    3.00

04:18:33 PM  CPU    %usr   %nice    %sys %iowait    %irq   %soft  %steal  %guest  %gnice   %idle
04:18:34 PM  all    7.46    0.00   14.42    0.00    0.44   74.55    0.00    0.00    0.00    3.13
04:18:34 PM    0    1.00    0.00   16.00    0.00    1.00   80.00    0.00    0.00    0.00    2.00
04:18:34 PM    1    1.00    0.00   14.00    0.00    0.00   82.00    0.00    0.00    0.00    3.00
04:18:34 PM    2    0.99    0.00   15.84    0.00    0.00   76.24    0.00    0.00    0.00    6.93
04:18:34 PM    3   14.85    0.00   13.86    0.00    0.99   64.36    0.00    0.00    0.00    5.94
04:18:34 PM    4    5.10    0.00   14.29    0.00    0.00   79.59    0.00    0.00    0.00    1.02
04:18:34 PM    5    0.99    0.00   14.85    0.00    0.99   80.20    0.00    0.00    0.00    2.97
04:18:34 PM    6   19.80    0.00   12.87    0.00    0.99   65.35    0.00    0.00    0.00    0.99
04:18:34 PM    7   38.38    0.00   10.10    0.00    1.01   50.51    0.00    0.00    0.00    0.00
04:18:34 PM    8    1.01    0.00   15.15    0.00    0.00   80.81    0.00    0.00    0.00    3.03
04:18:34 PM    9    1.01    0.00   15.15    0.00    0.00   80.81    0.00    0.00    0.00    3.03
04:18:34 PM   10    2.02    0.00   15.15    0.00    1.01   76.77    0.00    0.00    0.00    5.05
04:18:34 PM   11    2.02    0.00   14.14    0.00    0.00   77.78    0.00    0.00    0.00    6.06
04:18:34 PM   12    8.08    0.00   17.17    0.00    0.00   71.72    0.00    0.00    0.00    3.03
04:18:34 PM   13   17.00    0.00   12.00    0.00    1.00   66.00    0.00    0.00    0.00    4.00
04:18:34 PM   14    5.05    0.00   15.15    0.00    0.00   78.79    0.00    0.00    0.00    1.01
04:18:34 PM   15    1.00    0.00   15.00    0.00    0.00   82.00    0.00    0.00    0.00    2.00

04:18:34 PM  CPU    %usr   %nice    %sys %iowait    %irq   %soft  %steal  %guest  %gnice   %idle
04:18:35 PM  all   10.64    0.31   14.87    0.00    0.50   70.32    0.00    0.00    0.00    3.36
04:18:35 PM    0   11.11    0.00   18.18    0.00    0.00   68.69    0.00    0.00    0.00    2.02
04:18:35 PM    1    1.98    0.00   15.84    0.00    0.99   77.23    0.00    0.00    0.00    3.96
04:18:35 PM    2   16.00    0.00   15.00    0.00    1.00   64.00    0.00    0.00    0.00    4.00
04:18:35 PM    3   14.00    0.00   16.00    0.00    1.00   66.00    0.00    0.00    0.00    3.00
04:18:35 PM    4    6.86    0.00   14.71    0.00    0.00   74.51    0.00    0.00    0.00    3.92
04:18:35 PM    5    3.03    0.00   14.14    0.00    0.00   79.80    0.00    0.00    0.00    3.03
04:18:35 PM    6    6.06    0.00   19.19    0.00    0.00   71.72    0.00    0.00    0.00    3.03
04:18:35 PM    7    1.98    1.98   17.82    0.00    0.00   74.26    0.00    0.00    0.00    3.96
04:18:35 PM    8    3.00    0.00   15.00    0.00    0.00   79.00    0.00    0.00    0.00    3.00
04:18:35 PM    9    4.90    0.00   13.73    0.00    0.98   77.45    0.00    0.00    0.00    2.94
04:18:35 PM   10    6.00    0.00   15.00    0.00    0.00   76.00    0.00    0.00    0.00    3.00
04:18:35 PM   11    2.97    0.99   14.85    0.00    0.99   78.22    0.00    0.00    0.00    1.98
04:18:35 PM   12   51.00    0.00    8.00    0.00    1.00   38.00    0.00    0.00    0.00    2.00
04:18:35 PM   13    1.98    1.98   14.85    0.00    0.00   75.25    0.00    0.00    0.00    5.94
04:18:35 PM   14    2.97    0.00   14.85    0.00    0.99   75.25    0.00    0.00    0.00    5.94
04:18:35 PM   15   36.63    0.00   10.89    0.00    0.99   49.50    0.00    0.00    0.00    1.98

04:18:35 PM  CPU    %usr   %nice    %sys %iowait    %irq   %soft  %steal  %guest  %gnice   %idle
04:18:36 PM  all    9.10    0.19   13.99    0.00    0.63   72.33    0.00    0.00    0.00    3.76
04:18:36 PM    0   14.85    0.00   12.87    0.00    0.99   67.33    0.00    0.00    0.00    3.96
04:18:36 PM    1    2.04    0.00   15.31    0.00    0.00   78.57    0.00    0.00    0.00    4.08
04:18:36 PM    2    7.07    0.00   14.14    0.00    0.00   73.74    0.00    0.00    0.00    5.05
04:18:36 PM    3    9.09    0.00   15.15    0.00    0.00   70.71    0.00    0.00    0.00    5.05
04:18:36 PM    4   12.00    0.00   14.00    0.00    1.00   71.00    0.00    0.00    0.00    2.00
04:18:36 PM    5    7.07    0.00   14.14    0.00    0.00   76.77    0.00    0.00    0.00    2.02
04:18:36 PM    6   12.00    2.00   13.00    0.00    1.00   67.00    0.00    0.00    0.00    5.00
04:18:36 PM    7    1.98    0.00   13.86    0.00    0.99   77.23    0.00    0.00    0.00    5.94
04:18:36 PM    8    9.00    0.00   13.00    0.00    1.00   71.00    0.00    0.00    0.00    6.00
04:18:36 PM    9   21.43    0.00   12.24    0.00    0.00   61.22    0.00    0.00    0.00    5.10
04:18:36 PM   10   11.11    0.00   13.13    0.00    1.01   72.73    0.00    0.00    0.00    2.02
04:18:36 PM   11    1.98    0.99   16.83    0.00    0.99   77.23    0.00    0.00    0.00    1.98
04:18:36 PM   12    5.94    0.00   15.84    0.00    0.99   75.25    0.00    0.00    0.00    1.98
04:18:36 PM   13    1.01    0.00   14.14    0.00    1.01   79.80    0.00    0.00    0.00    4.04
04:18:36 PM   14   28.28    0.00   11.11    0.00    0.00   57.58    0.00    0.00    0.00    3.03
04:18:36 PM   15    1.00    0.00   15.00    0.00    1.00   80.00    0.00    0.00    0.00    3.00

04:18:36 PM  CPU    %usr   %nice    %sys %iowait    %irq   %soft  %steal  %guest  %gnice   %idle
04:18:37 PM  all    7.73    0.06   14.90    0.00    0.37   73.57    0.00    0.00    0.00    3.37
04:18:37 PM    0    2.02    0.00   15.15    0.00    0.00   80.81    0.00    0.00    0.00    2.02
04:18:37 PM    1    0.99    0.00   20.79    0.00    0.99   73.27    0.00    0.00    0.00    3.96
04:18:37 PM    2    1.98    0.99   15.84    0.00    0.99   74.26    0.00    0.00    0.00    5.94
04:18:37 PM    3    1.00    0.00   16.00    0.00    1.00   75.00    0.00    0.00    0.00    7.00
04:18:37 PM    4    1.00    0.00   15.00    0.00    0.00   82.00    0.00    0.00    0.00    2.00
04:18:37 PM    5    0.99    0.00   14.85    0.00    0.99   81.19    0.00    0.00    0.00    1.98
04:18:37 PM    6   96.04    0.00    2.97    0.00    0.00    0.99    0.00    0.00    0.00    0.00
04:18:37 PM    7    2.02    0.00   16.16    0.00    0.00   76.77    0.00    0.00    0.00    5.05
04:18:37 PM    8    2.00    0.00   17.00    0.00    0.00   80.00    0.00    0.00    0.00    1.00
04:18:37 PM    9    1.96    0.00   14.71    0.00    0.98   79.41    0.00    0.00    0.00    2.94
04:18:37 PM   10    3.00    0.00   16.00    0.00    0.00   79.00    0.00    0.00    0.00    2.00
04:18:37 PM   11    1.00    0.00   15.00    0.00    0.00   80.00    0.00    0.00    0.00    4.00
04:18:37 PM   12    1.01    0.00   14.14    0.00    0.00   81.82    0.00    0.00    0.00    3.03
04:18:37 PM   13    0.99    0.00   14.85    0.00    0.00   80.20    0.00    0.00    0.00    3.96
04:18:37 PM   14    2.97    0.00   15.84    0.00    0.99   77.23    0.00    0.00    0.00    2.97
04:18:37 PM   15    4.04    0.00   14.14    0.00    0.00   75.76    0.00    0.00    0.00    6.06

04:18:37 PM  CPU    %usr   %nice    %sys %iowait    %irq   %soft  %steal  %guest  %gnice   %idle
04:18:38 PM  all    7.64    0.00   14.10    0.00    0.50   73.81    0.00    0.00    0.00    3.95
04:18:38 PM    0    1.00    0.00   15.00    0.00    1.00   80.00    0.00    0.00    0.00    3.00
04:18:38 PM    1    2.00    0.00   14.00    0.00    0.00   81.00    0.00    0.00    0.00    3.00
04:18:38 PM    2    3.03    0.00   14.14    0.00    1.01   77.78    0.00    0.00    0.00    4.04
04:18:38 PM    3    1.98    0.00   14.85    0.00    0.00   77.23    0.00    0.00    0.00    5.94
04:18:38 PM    4    1.01    0.00   14.14    0.00    1.01   79.80    0.00    0.00    0.00    4.04
04:18:38 PM    5    1.98    0.00   14.85    0.00    0.00   80.20    0.00    0.00    0.00    2.97
04:18:38 PM    6   94.95    0.00    3.03    0.00    1.01    1.01    0.00    0.00    0.00    0.00
04:18:38 PM    7    4.04    0.00   15.15    0.00    1.01   74.75    0.00    0.00    0.00    5.05
04:18:38 PM    8    2.00    0.00   16.00    0.00    1.00   79.00    0.00    0.00    0.00    2.00
04:18:38 PM    9    3.00    0.00   15.00    0.00    0.00   78.00    0.00    0.00    0.00    4.00
04:18:38 PM   10    0.00    0.00   15.00    0.00    1.00   81.00    0.00    0.00    0.00    3.00
04:18:38 PM   11    1.02    0.00   14.29    0.00    0.00   81.63    0.00    0.00    0.00    3.06
04:18:38 PM   12    1.01    0.00   15.15    0.00    0.00   78.79    0.00    0.00    0.00    5.05
04:18:38 PM   13    1.00    0.00   15.00    0.00    0.00   78.00    0.00    0.00    0.00    6.00
04:18:38 PM   14    3.00    0.00   15.00    0.00    0.00   77.00    0.00    0.00    0.00    5.00
04:18:38 PM   15    1.98    0.00   14.85    0.00    0.99   75.25    0.00    0.00    0.00    6.93

04:18:38 PM  CPU    %usr   %nice    %sys %iowait    %irq   %soft  %steal  %guest  %gnice   %idle
04:18:39 PM  all    7.61    0.00   14.53    0.00    0.50   73.50    0.00    0.00    0.00    3.87
04:18:39 PM    0    4.95    0.00   17.82    0.00    0.00   72.28    0.00    0.00    0.00    4.95
04:18:39 PM    1    2.97    0.00   17.82    0.00    0.99   71.29    0.00    0.00    0.00    6.93
04:18:39 PM    2    0.99    0.00   14.85    0.00    0.00   81.19    0.00    0.00    0.00    2.97
04:18:39 PM    3    1.98    0.00   14.85    0.00    0.99   79.21    0.00    0.00    0.00    2.97
04:18:39 PM    4    2.00    0.00   15.00    0.00    0.00   79.00    0.00    0.00    0.00    4.00
04:18:39 PM    5    1.00    0.00   14.00    0.00    1.00   80.00    0.00    0.00    0.00    4.00
04:18:39 PM    6   47.47    0.00    9.09    0.00    0.00   41.41    0.00    0.00    0.00    2.02
04:18:39 PM    7    6.00    0.00   15.00    0.00    0.00   75.00    0.00    0.00    0.00    4.00
04:18:39 PM    8   26.00    0.00   12.00    0.00    0.00   59.00    0.00    0.00    0.00    3.00
04:18:39 PM    9    8.00    0.00   14.00    0.00    1.00   72.00    0.00    0.00    0.00    5.00
04:18:39 PM   10    1.98    0.00   13.86    0.00    0.00   81.19    0.00    0.00    0.00    2.97
04:18:39 PM   11    1.98    0.00   14.85    0.00    0.99   79.21    0.00    0.00    0.00    2.97
04:18:39 PM   12    2.00    0.00   15.00    0.00    1.00   79.00    0.00    0.00    0.00    3.00
04:18:39 PM   13    2.00    0.00   14.00    0.00    1.00   79.00    0.00    0.00    0.00    4.00
04:18:39 PM   14   11.11    0.00   14.14    0.00    1.01   69.70    0.00    0.00    0.00    4.04
04:18:39 PM   15    2.00    0.00   16.00    0.00    0.00   77.00    0.00    0.00    0.00    5.00

04:18:39 PM  CPU    %usr   %nice    %sys %iowait    %irq   %soft  %steal  %guest  %gnice   %idle
04:18:40 PM  all    7.61    0.00   13.97    0.00    0.44   74.86    0.00    0.00    0.00    3.12
04:18:40 PM    0    9.00    0.00   13.00    0.00    1.00   71.00    0.00    0.00    0.00    6.00
04:18:40 PM    1   22.45    0.00   12.24    0.00    0.00   61.22    0.00    0.00    0.00    4.08
04:18:40 PM    2    1.01    0.00   14.14    0.00    0.00   80.81    0.00    0.00    0.00    4.04
04:18:40 PM    3    1.01    0.00   14.14    0.00    0.00   80.81    0.00    0.00    0.00    4.04
04:18:40 PM    4    1.98    0.00   14.85    0.00    0.99   81.19    0.00    0.00    0.00    0.99
04:18:40 PM    5   14.00    0.00   14.00    0.00    0.00   70.00    0.00    0.00    0.00    2.00
04:18:40 PM    6    3.96    0.00   14.85    0.00    0.99   78.22    0.00    0.00    0.00    1.98
04:18:40 PM    7    0.98    0.00   14.71    0.00    0.98   79.41    0.00    0.00    0.00    3.92
04:18:40 PM    8    0.99    0.00   15.84    0.00    0.99   80.20    0.00    0.00    0.00    1.98
04:18:40 PM    9   21.00    0.00   12.00    0.00    0.00   65.00    0.00    0.00    0.00    2.00
04:18:40 PM   10   10.10    0.00   14.14    0.00    1.01   72.73    0.00    0.00    0.00    2.02
04:18:40 PM   11   13.86    0.00   12.87    0.00    0.00   68.32    0.00    0.00    0.00    4.95
04:18:40 PM   12    9.90    0.00   13.86    0.00    0.00   72.28    0.00    0.00    0.00    3.96
04:18:40 PM   13    3.96    0.00   14.85    0.00    0.00   78.22    0.00    0.00    0.00    2.97
04:18:40 PM   14    2.00    0.00   14.00    0.00    0.00   81.00    0.00    0.00    0.00    3.00
04:18:40 PM   15    6.00    0.00   14.00    0.00    1.00   77.00    0.00    0.00    0.00    2.00

04:18:40 PM  CPU    %usr   %nice    %sys %iowait    %irq   %soft  %steal  %guest  %gnice   %idle
04:18:41 PM  all    7.39    0.00   14.72    0.00    0.50   74.70    0.00    0.00    0.00    2.69
04:18:41 PM    0    3.03    0.00   15.15    0.00    0.00   79.80    0.00    0.00    0.00    2.02
04:18:41 PM    1    1.00    0.00   14.00    0.00    1.00   81.00    0.00    0.00    0.00    3.00
04:18:41 PM    2   14.85    0.00   13.86    0.00    0.99   68.32    0.00    0.00    0.00    1.98
04:18:41 PM    3    2.00    0.00   16.00    0.00    1.00   79.00    0.00    0.00    0.00    2.00
04:18:41 PM    4    1.01    0.00   14.14    0.00    0.00   78.79    0.00    0.00    0.00    6.06
04:18:41 PM    5    2.00    0.00   16.00    0.00    1.00   77.00    0.00    0.00    0.00    4.00
04:18:41 PM    6    2.00    0.00   16.00    0.00    0.00   80.00    0.00    0.00    0.00    2.00
04:18:41 PM    7    2.02    0.00   15.15    0.00    0.00   81.82    0.00    0.00    0.00    1.01
04:18:41 PM    8    1.01    0.00   14.14    0.00    0.00   82.83    0.00    0.00    0.00    2.02
04:18:41 PM    9    0.99    0.00   14.85    0.00    0.00   81.19    0.00    0.00    0.00    2.97
04:18:41 PM   10   48.48    0.00   15.15    0.00    0.00   34.34    0.00    0.00    0.00    2.02
04:18:41 PM   11    4.00    0.00   15.00    0.00    1.00   75.00    0.00    0.00    0.00    5.00
04:18:41 PM   12    3.00    0.00   15.00    0.00    1.00   80.00    0.00    0.00    0.00    1.00
04:18:41 PM   13    6.00    0.00   14.00    0.00    1.00   78.00    0.00    0.00    0.00    1.00
04:18:41 PM   14   24.75    0.00   12.87    0.00    0.99   58.42    0.00    0.00    0.00    2.97
04:18:41 PM   15    2.02    0.00   14.14    0.00    0.00   79.80    0.00    0.00    0.00    4.04

Average:     CPU    %usr   %nice    %sys %iowait    %irq   %soft  %steal  %guest  %gnice   %idle
Average:     all    9.17    0.19   14.63    0.01    0.51   72.23    0.00    0.00    0.00    3.26
Average:       0    4.89    0.17   14.85    0.00    0.57   75.83    0.00    0.00    0.00    3.70
Average:       1    4.90    0.03   15.31    0.00    0.47   75.48    0.00    0.00    0.00    3.80
Average:       2    6.43    0.30   14.96    0.03    0.50   74.12    0.00    0.00    0.00    3.66
Average:       3    7.53    0.13   14.95    0.03    0.57   73.09    0.00    0.00    0.00    3.70
Average:       4    7.19    0.03   14.82    0.00    0.50   74.36    0.00    0.00    0.00    3.10
Average:       5    8.33    0.03   14.49    0.00    0.47   73.43    0.00    0.00    0.00    3.26
Average:       6   15.99    0.13   14.30    0.00    0.50   66.31    0.00    0.00    0.00    2.77
Average:       7   15.12    0.17   13.85    0.03    0.50   67.40    0.00    0.00    0.00    2.93
Average:       8    5.26    0.10   15.52    0.00    0.47   75.82    0.00    0.00    0.00    2.83
Average:       9    8.09    0.10   14.68    0.00    0.43   73.54    0.00    0.00    0.00    3.16
Average:      10   11.04    0.33   14.57    0.00    0.50   70.29    0.00    0.00    0.00    3.27
Average:      11   11.83    0.17   14.89    0.00    0.50   69.22    0.00    0.00    0.00    3.40
Average:      12   11.13    0.40   14.33    0.00    0.50   70.83    0.00    0.00    0.00    2.80
Average:      13    6.72    0.53   14.35    0.00    0.50   74.43    0.00    0.00    0.00    3.46
Average:      14    8.96    0.10   14.42    0.00    0.50   72.76    0.00    0.00    0.00    3.26
Average:      15   13.35    0.30   13.82    0.00    0.63   68.76    0.00    0.00    0.00    3.13
