=== Before ===
                    CPU0       CPU1       CPU2       CPU3       CPU4       CPU5       CPU6       CPU7       CPU8       CPU9       CPU10      CPU11      CPU12      CPU13      CPU14      CPU15      
          HI:    1356285        553          4    6359366          3          5          5          8         15          1         12          4          4          5          1          3
       TIMER:    1569281     605055    1067725     822400     909132     233467    1622395    1999129     875191     258597    1289370    2308459     853125     264332     840101     630214
      NET_TX:          1          0          0          0          2          0          1          3          1          0          3          1          2          0          3          4
      NET_RX:    9079299    9183168    9538033    8823749    9071775    8764642    8624737    8080559    9079134    8974469    8688770    8919795    9192907    9249888    9050996    8958842
       BLOCK:        166         38        514         13         35         30         46         29        276         14         37         93         68         76        239       1017
    IRQ_POLL:          0          0          0          0          0          0          0          0          0          0          0          0          0          0          0          0
     TASKLET:      15612        235         37     103520         29        162    1698023        745         55         14         54      66503         36         30         64         32
       SCHED:   16426451    6043334    2771186    1607173    2581040     900678    3032402    1645205    2952824    1016676    3029298    3009173    3267529    1029674    3357883    1731062
     HRTIMER:         15       1098        145        102        161          5          9          5          9          1         16          3         23          1          1          9
         RCU:    4606674    1658699    3802072    2345981    3721061    1437905    4328527    3287432    4089249    1681847    4353868    4514903    4326721    1633325    4506070    2864112

=== After ===
                    CPU0       CPU1       CPU2       CPU3       CPU4       CPU5       CPU6       CPU7       CPU8       CPU9       CPU10      CPU11      CPU12      CPU13      CPU14      CPU15      
          HI:    1359895        553          4    6360309          3          5          5          8         15          1         12          4          4          5          1          3
       TIMER:    1571010     606520    1068529     824030     909870     233966    1623191    2002471     875719     258968    1289957    2309457     853626     264781     840748     631041
      NET_TX:          1          0          0          0          2          0          1          3          1          0          3          1          2          0          3          4
      NET_RX:    9900909    9999633   10342478    9616489    9878768    9561655    9343880    8811723    9900690    9771283    9449522    9669806    9960840   10056875    9840541    9705206
       BLOCK:        166         38        514         13         35         30         46         29        276         14         37         93         68         76        239       1017
    IRQ_POLL:          0          0          0          0          0          0          0          0          0          0          0          0          0          0          0          0
     TASKLET:      15630        235         37     103610         29        162    1699559        745         55         14         54      66566         36         30         64         32
       SCHED:   16429623    6046365    2774180    1610091    2583814     903369    3034913    1647670    2955428    1019424    3032071    3011782    3270159    1032305    3360468    1733603
     HRTIMER:         15       1098        145        102        161          5          9          5          9          1         16          3         23          1          1          9
         RCU:    4610791    1662731    3806342    2350128    3725248    1442047    4332615    3291467    4093379    1686121    4358024    4519135    4330934    1637422    4510146    2868155
